num_scal_reads = 27

scal_read_bcm1_current = 10.0971, 10.0224, 10.0476, 10.064, 10.0507, 10.0848, 10.0878, 0.688928, 0.027061, 0.0274857, 0.0272399, 0.0273067, 0.0271502, 0.0274636, 0.0274184, 0.027061, 0.0270608, 0.0270388, 0.0272399, 0.026793, 0.0275523, 0.0271951, 0.027329, 0.027194, 0.0270969, 0.0278432, 0.0280867

scal_read_bcm2_current = 10.1523, 10.0617, 10.0869, 10.1035, 10.0904, 10.1245, 10.1275, 0.715208, 0.0524822, 0.0524561, 0.0524824, 0.052456, 0.052482, 0.052535, 0.052482, 0.0525869, 0.052482, 0.0524561, 0.0524824, 0.0525871, 0.0524296, 0.0525347, 0.0523773, 0.0523455, 0.0524779, 0.0524561, 0.0526863

scal_read_bcm4a_current = 10.0853, 10.0615, 10.0873, 10.1038, 10.092, 10.1248, 10.128, 1.03879, 0.399417, 0.398825, 0.399023, 0.399121, 0.398989, 0.398596, 0.39968, 0.399648, 0.399647, 0.399911, 0.399912, 0.400504, 0.401556, 0.400603, 0.406131, 0.400292, 0.400973, 0.401228, 0.400309

scal_read_bcm4b_current = 9.96354, 10.0474, 10.0746, 10.0925, 10.0812, 10.1122, 10.1152, 1.51291, 0.908559, 0.907301, 0.906462, 0.90604, 0.908138, 0.908354, 0.906669, 0.906671, 0.908138, 0.906672, 0.908561, 0.903524, 0.894495, 0.898276, 0.902261, 0.901162, 0.903007, 0.907721, 0.91

scal_read_bcm4c_current = 10.098, 10.0705, 10.0939, 10.1102, 10.0914, 10.1252, 10.1331, 1.15059, 0.518568, 0.519187, 0.520905, 0.519942, 0.519529, 0.519739, 0.519873, 0.519874, 0.519667, 0.520836, 0.52173, 0.52173, 0.524201, 0.522073, 0.52159, 0.518495, 0.519001, 0.518844, 0.521332

scal_read_event = 1, 399, 775, 1143, 1532, 1921, 2324, 2357, 2364, 2372, 2379, 2386, 2393, 2400, 2407, 2414, 2421, 2428, 2435, 2442, 2449, 2457, 2465, 2473, 2484, 2491, 1e+38