num_scal_reads = 41

scal_read_bcm1_current = 58.2089, 58.224, 58.086, 58.0562, 58.0554, 58.7434, 58.7077, 58.7043, 58.8422, 58.8254, 58.626, 58.6704, 58.7304, 58.6652, 58.7539, 58.6983, 58.6168, 58.7116, 58.6505, 58.7036, 11.4435, 0.0278206, 0.0276647, 0.0279323, 0.0275304, 0.0276419, 0.0279546, 0.0279996, 0.0283571, 0.0286474, 0.0283347, 0.0280445, 0.0276866, 0.0278651, 0.0274634, 0.0274407, 0.0279326, 0.028044, 0.0282456, 0.0279545, 0.0281948

scal_read_bcm2_current = 58.5675, 58.4565, 58.3166, 58.2862, 58.2857, 58.9847, 58.9475, 58.9452, 59.0851, 59.0682, 58.8664, 58.9115, 58.9726, 58.9064, 58.996, 58.9398, 58.8574, 58.9537, 58.8921, 58.9461, 11.5099, 0.0521155, 0.0521423, 0.0522463, 0.0520897, 0.0521155, 0.0521678, 0.0522204, 0.0521157, 0.0521418, 0.0520895, 0.0521683, 0.052168, 0.0521676, 0.0522206, 0.0522988, 0.0522467, 0.0521678, 0.0521946, 0.0521676, 0.0530298

scal_read_bcm4a_current = 58.7, 58.6273, 58.4899, 58.4607, 58.4534, 59.1565, 59.1236, 59.1265, 59.2725, 59.2499, 59.0506, 59.0973, 59.1545, 59.0882, 59.1751, 59.1175, 59.0361, 59.1332, 59.0729, 59.1263, 11.8231, 0.40024, 0.400143, 0.399745, 0.399945, 0.400503, 0.400305, 0.400701, 0.400965, 0.40047, 0.401063, 0.400702, 0.40001, 0.400008, 0.399846, 0.400635, 0.400076, 0.400371, 0.400341, 0.400107, 0.400034

scal_read_bcm4b_current = 58.5066, 58.4996, 58.367, 58.3375, 58.3331, 59.0256, 58.9849, 58.987, 59.1306, 59.1116, 58.9085, 58.9627, 59.0313, 58.9667, 59.0511, 58.9893, 58.9022, 59.0016, 58.9374, 58.989, 12.1998, 0.903521, 0.903737, 0.904779, 0.904364, 0.903941, 0.90541, 0.904573, 0.904573, 0.905201, 0.904572, 0.903316, 0.905621, 0.904988, 0.904155, 0.90478, 0.903104, 0.902051, 0.901637, 0.902679, 0.897689

scal_read_bcm4c_current = 58.3472, 58.271, 58.1573, 58.1237, 58.113, 58.8705, 58.7976, 58.8511, 58.9843, 58.9817, 58.7881, 58.9254, 58.9419, 58.8624, 58.9369, 58.8267, 58.7586, 58.825, 58.7635, 58.8196, 11.8605, 0.523515, 0.524617, 0.524064, 0.524684, 0.523721, 0.524407, 0.524203, 0.524271, 0.523034, 0.52166, 0.525235, 0.52482, 0.524132, 0.525165, 0.523927, 0.523035, 0.52269, 0.524136, 0.52262, 0.523048

scal_read_event = 1, 1888, 3826, 5696, 7594, 9506, 10000, 11881, 13801, 15674, 17611, 19515, 20000, 21931, 23865, 25760, 27660, 29562, 30000, 31952, 32386, 32394, 32402, 32409, 32416, 32423, 32430, 32437, 32446, 32453, 32460, 32467, 32475, 32483, 32491, 32498, 32505, 32513, 32520, 32527, 1e+38