num_scal_reads = 41

scal_read_bcm1_current = 0.0274641, 0.0273754, 0.0272847, 0.0269494, 0.0273734, 0.0273518, 0.027463, 0.027128, 0.0274633, 0.0268603, 0.0273954, 0.027218, 0.0271893, 0.0275691, 0.0275076, 0.0272399, 0.0275304, 0.0265246, 0.0272713, 0.027049, 0.0269944, 0.0266587, 0.0272779, 0.027818, 0.0272174, 0.0272842, 0.0270164, 0.0276646, 0.0285581, 0.0276643, 0.0276644, 0.0271054, 0.0278876, 0.027441, 0.0288432, 0.0278405, 0.0276198, 0.0277092, 0.0275759, 0.0279984, 0.0275899

scal_read_bcm2_current = 0.0524526, 0.0525364, 0.0525348, 0.0525609, 0.0525341, 0.0525088, 0.052639, 0.0525607, 0.0525347, 0.0524565, 0.0525598, 0.0525614, 0.0525546, 0.0524968, 0.0525866, 0.0524824, 0.0526133, 0.052482, 0.0524536, 0.0526189, 0.0527184, 0.0526392, 0.0526451, 0.0527733, 0.0526654, 0.052639, 0.0527441, 0.0526658, 0.0527702, 0.0526654, 0.0526656, 0.0527438, 0.0527177, 0.0526133, 0.0525578, 0.0527188, 0.0527181, 0.0526133, 0.0526539, 0.0526761, 0.0524127

scal_read_bcm4a_current = 0.396753, 0.397845, 0.397377, 0.398035, 0.397901, 0.39853, 0.397606, 0.396389, 0.396225, 0.395305, 0.395562, 0.394877, 0.395104, 0.395274, 0.395828, 0.395698, 0.396785, 0.395927, 0.395136, 0.396106, 0.395371, 0.39629, 0.396621, 0.395946, 0.396125, 0.396388, 0.396817, 0.396028, 0.396454, 0.396685, 0.397509, 0.396717, 0.397047, 0.397015, 0.396966, 0.397069, 0.395764, 0.396653, 0.396356, 0.396775, 0.396398

scal_read_bcm4b_current = 0.908141, 0.90438, 0.905624, 0.906672, 0.907506, 0.909823, 0.910026, 0.908769, 0.907931, 0.907305, 0.907291, 0.907726, 0.908446, 0.907078, 0.905198, 0.904364, 0.904364, 0.90478, 0.904427, 0.904487, 0.906047, 0.907929, 0.907611, 0.906483, 0.905411, 0.906668, 0.906042, 0.905414, 0.904781, 0.904991, 0.906252, 0.906038, 0.906249, 0.904994, 0.905494, 0.906143, 0.904364, 0.905204, 0.905389, 0.905991, 0.903822

scal_read_bcm4c_current = 0.52152, 0.521532, 0.522211, 0.522623, 0.521795, 0.522143, 0.523514, 0.523927, 0.524134, 0.523174, 0.523922, 0.525923, 0.523545, 0.524071, 0.521521, 0.522142, 0.522554, 0.522896, 0.524046, 0.523093, 0.522075, 0.522484, 0.523658, 0.524587, 0.525026, 0.524544, 0.523309, 0.522211, 0.521797, 0.522278, 0.523859, 0.522277, 0.52214, 0.521799, 0.522046, 0.522185, 0.524135, 0.523791, 0.524535, 0.523648, 0.524539

scal_read_event = 1, 8, 15, 22, 30, 38, 45, 52, 61, 68, 75, 82, 89, 96, 104, 111, 118, 125, 133, 140, 147, 154, 161, 169, 176, 185, 192, 199, 206, 213, 220, 227, 234, 241, 248, 255, 262, 269, 277, 285, 1e+38